compute solution
contour
plot:v
set view:0 0.333008 -0.330078 0 5.17756 0.455865 0.12194 0.881656 0.890018 -0.0541501 -0.452698 -0.00746025 0.991059 -0.133214
wire frame (toggle)
smaller:0
smaller:0
smaller:0
smaller:0
set view:0 0.100463 -0.0881974 0 2.12073 0.836636 0.114471 0.535665 0.543365 -0.0498155 -0.838017 -0.0692443 0.992177 -0.103877
smaller:0
smaller:0
smaller:0
smaller:0
set view:0 0.100463 -0.0881974 0 0.86865 0.669286 -0.0708943 0.739615 0.734332 -0.0885348 -0.672992 0.113193 0.993547 -0.00719517
reset:0
exit
stream lines
streamline density 100
