  x-r:0
  x-r:0
  x-r:0
  x-r:0
  x-r:0
  x-r:0
  x-r:0
  x-r:0
  x-r:0
  toggle grid 0 0
  colour boundaries by grid number
  set view:0 0 0 0 1 0.836376 -0.15831 0.524798 0.548146 0.24753 -0.798915 -0.00342727 0.955859 0.293805
  DISPLAY AXES:0 0
  DISPLAY SQUARES:0 0
  plot block boundaries 0
  bigger:0
  bigger:0
  plot block boundaries 1
  set view:0 0.00738817 0.0821945 0 1.5625 0.836376 -0.15831 0.524798 0.548146 0.24753 -0.798915 -0.00342727 0.955859 0.293805
  bigger:0
  smaller:0
  set view:0 -0.00738817 0.0914297 0 1.63814 0.836376 -0.15831 0.524798 0.548146 0.24753 -0.798915 -0.00342727 0.955859 0.293805
  hardcopy file name:0 turbineAndTower3BladesGrid.ps
  hardcopy save:0
  reset:0
  x-r:0
  x-r:0
  x-r:0
  x-r:0
  x-r:0
  x-r:0
  x-r:0
  x-r:0
  x-r:0
  y-r:0
  y-r:0
  y-r:0
  y-r:0
  y-r:0
  y-r:0
  y-r:0
  y-r:0
  y-r:0
  y-r:0
  y-r:0
  x+r:0
  x+r:0
  bigger:0
  bigger:0
  set view:0 -0.0156999 0.142843 0 1.5625 -0.34202 -0.321394 0.883022 0.939693 -0.116978 0.321394 -1.30409e-16 0.939693 0.34202
  bigger:0
  bigger:0
  set view:0 0.0422234 0.0136299 0 2.44141 -0.34202 -0.321394 0.883022 0.939693 -0.116978 0.321394 -1.30409e-16 0.939693 0.34202
  smaller:0
  set view:0 0.0422234 0.0136299 0 1.95312 -0.220811 -0.402757 0.888273 0.975252 -0.101668 0.196335 0.0112337 0.909643 0.415239
  plot block boundaries 0
  set view:0 -0.0582557 -0.0182903 0 1.95312 -0.364409 -0.164203 0.916648 0.931212 -0.0718101 0.357335 0.00714905 0.983809 0.179076
  bigger:0
  set view:0 0.0516802 -0.0800878 0 2.44141 -0.411562 -0.187241 0.89194 0.911377 -0.0814692 0.403428 -0.00287254 0.97893 0.204177
  hardcopy file name:0 turbineAndTower3BladesGridB.ps
  hardcopy save:0
