  toggle grid 0 0
  set view:0 0 0 0 1 0.756021 0.094498 -0.64769 0.203141 0.906788 0.369418 0.622227 -0.41086 0.666354
  colour boundaries by grid number
  DISPLAY AXES:0 0
  reset:0
  set view:0 0 0 0 1 0.870847 0.0569965 -0.488238 0.0684133 0.969534 0.235208 0.48677 -0.238232 0.840417
  smaller:0
  DISPLAY SQUARES:0 0
  set view:0 0 0 0 0.8 0.819431 0.108198 -0.562873 0.0956687 0.942428 0.320432 0.565138 -0.316421 0.761904
  pick colour...
  pick closest 1
  PIC:sky blue
  grid colour 3 SKYBLUE
  colour block boundaries by chosen name
  hardcopy vertical resolution:0 2048
  hardcopy horizontal resolution:0 2048
  line width scale factor:0 4
  plot
  hardcopy file name:0 sphereInABoxFixede2.order4.ml2.Grid.ps
  hardcopy save:0
