sphereInABoxe2L6.order4.ml2.hdf
# 
  toggle shaded surfaces 0 0
  set view:0 0 0 0 1 0.90216 0.177106 -0.393371 -0.0647475 0.957103 0.282422 0.426515 -0.22932 0.874927
  DISPLAY AXES:0 0
  pick to toggle grid lines
  pick closest 1
  toggle grid lines on boundary 1 2 0 0
  toggle grid lines on boundary 0 0 0 0
  toggle grid lines on boundary 1 1 0 0
  bigger:0
  bigger:0
  set view:0 0.245379 0.0165452 0 1.5625 0.90216 0.177106 -0.393371 -0.0647475 0.957103 0.282422 0.426515 -0.22932 0.874927
  bigger:0
  DISPLAY SQUARES:0 0
  set view:0 0.176526 0.0442209 0 1.95312 0.90216 0.177106 -0.393371 -0.0647475 0.957103 0.282422 0.426515 -0.22932 0.874927
  colour boundaries by grid number
  bigger:0
  set view:0 0.255048 0.0499967 0 2.44141 0.90216 0.177106 -0.393371 -0.0647475 0.957103 0.282422 0.426515 -0.22932 0.874927
  line width scale factor:0 4
  hardcopy vertical resolution:0 2048
  hardcopy horizontal resolution:0 2048
  hardcopy file name:0 sphereInALongBoxOrder4.ps
  bigger:0
  smaller:0
  plot
  hardcopy file name:0 sphereInALongBoxOrder4.ps
  hardcopy save:0
