new/append model
browse file
/usr/casc/overture/Overture/sampleMappings/electrode3.igs
read file
heal model
HEAL:hide valid sub-surfaces
set view:0 0 0 0 1 0.324366 -0.292539 0.899559 -0.168016 0.918038 0.359133 -0.93089 -0.267631 0.248629
HEAL:selection function Delete Surface
delete surfaces 1 40
HEAL:hide valid sub-surfaces
set view:0 -0.31493 0.302821 0 37.0283 0.572121 0.742441 -0.348508 0.054151 0.389801 0.919306 0.818379 -0.544826 0.182809
HEAL:selection function Edit Trimcurve
edit trim curve 0 28
Mouse Mode Snap To Intersection
snap to intersection 3 0 1 0 1.002291e+00 5.260299e-02 9.603168e-01 1.062835e-02 
snap to intersection 2 1 0 1 -6.152381e-04 5.146076e-02 4.886774e-02 2.824845e-03 
snap to intersection 3 0 0 1 3.387677e-02 9.895726e-01 -2.101475e-03 9.595394e-01 
snap to intersection 3 0 0 1 9.992932e-01 9.591954e-01 9.663131e-01 9.975558e-01 
auto assemble
HEAL:hide valid sub-surfaces
edit trim curve 0 34
Mouse Mode Snap To Intersection
snap to intersection 0 3 0 1 1.000611e+00 9.547107e-01 9.468137e-01 9.972155e-01 
snap to intersection 3 1 0 1 9.737122e-01 1.368587e-02 9.946332e-01 5.831206e-02 
snap to intersection 3 0 0 1 5.366787e-03 4.391597e-02 2.031039e-02 8.486385e-03 
snap to intersection 3 0 0 1 2.628780e-02 9.893343e-01 5.366787e-03 9.491529e-01 
auto assemble
HEAL:hide valid sub-surfaces
edit trim curve 0 32
Mouse Mode Snap To Intersection
snap to intersection 0 3 0 1 1.002036e+00 2.425009e-01 9.721809e-01 2.688847e-01 
snap to intersection 3 1 0 1 9.781520e-01 1.061393e-01 1.003516e+00 1.330088e-01 
snap to intersection 3 0 0 1 4.879315e-03 1.214860e-01 1.980681e-02 1.008942e-01 
snap to intersection 3 0 0 1 3.473430e-02 2.578988e-01 4.879315e-03 2.458034e-01 
auto assemble
HEAL:show valid sub-surfaces
set view:0 -0.300448 0.412556 0 6.55882 0.646717 0.276448 -0.710867 0.312692 0.753987 0.577692 0.695686 -0.595886 0.401173
count broken
close
force redraw, wait 1
save model
electrode-fix.hdf
exit
