simple geometry
new 2-d curve
Mouse Mode Build Point
new point 4.84984 -7.87526
new point -7.87526 4.84984
new point -.376624 4.84884
new point -.376624 1.44891
new point -.197466 1.06648
new point .00176675 .899358
new point .484502 .724558
new point .504510 .724558
new point 1.11978 .833344
new point 1.13857 .840181
new point -7.87526 3.73283
new point -7.80396 3.73283
new point -3.13511 3.73183
new point -3.13411 2.71284
new point -0.735288 2.71184
new point -0.734288 0.912856
new point -0.214559 .912213
new point -0.199234 .899357
new point -0.17347783 0
Mouse Mode Interpolate Curve
set view:0 0.73991 -0.625561 0 12.3191 1 0 0 0 1 0 0 0 1
point for interpolation 10
point for interpolation 11
stop picking
smaller:0
smaller:0
smaller:0
smaller:0
smaller:0
smaller:0
smaller:0
smaller:0
smaller:0
point for interpolation 12
point for interpolation 11
stop picking
set view:0 0.741407 -0.618801 0 146.641 1 0 0 0 1 0 0 0 1
smaller:0
smaller:0
smaller:0
smaller:0
smaller:0
smaller:0
smaller:0
smaller:0
smaller:0
smaller:0
smaller:0
smaller:0
smaller:0
smaller:0
smaller:0
smaller:0
smaller:0
smaller:0
smaller:0
smaller:0
set view:0 0.190872 -0.618098 0 1320.83 1 0 0 0 1 0 0 0 1
reset:0
exit
new 2-d curve
Mouse Mode Interpolate Curve
point for interpolation 12
point for interpolation 13
stop picking
exit
new 2-d curve
Mouse Mode Interpolate Curve
point for interpolation 13
point for interpolation 14
stop picking
exit
new 2-d curve
Mouse Mode Interpolate Curve
point for interpolation 14
set view:0 -0.109865 -0.278027 0 14.8667 1 0 0 0 1 0 0 0 1
reset:0
point for interpolation 15
stop picking
exit
new 2-d curve
set view:0 -0.15307 -0.225563 0 11.9083 1 0 0 0 1 0 0 0 1
smaller:0
smaller:0
smaller:0
smaller:0
smaller:0
smaller:0
exit
reset:0
new 2-d curve
new point .87269 0
set view:0 -0.159193 -0.264574 0 18.5833 1 0 0 0 1 0 0 0 1
Mouse Mode Interpolate Curve
point for interpolation 15
point for interpolation 16
stop picking
exit
reset:0
new 2-d curve
set view:0 -0.158403 -0.281454 0 81.6864 1 0 0 0 1 0 0 0 1
Mouse Mode Interpolate Curve
point for interpolation 16
point for interpolation 17
smaller:0
smaller:0
smaller:0
smaller:0
smaller:0
smaller:0
smaller:0
smaller:0
smaller:0
smaller:0
smaller:0
smaller:0
point for interpolation 19
stop picking
exit
smaller:0
smaller:0
smaller:0
smaller:0
smaller:0
smaller:0
smaller:0
new 2-d curve
Mouse Mode Interpolate Curve
point for interpolation 1
point for interpolation 2
stop picking
exit
new 2-d curve
Mouse Mode Interpolate Curve
point for interpolation 2
point for interpolation 3
stop picking
Mouse Mode Circular Arc
set view:0 -0.215247 -0.295964 0 5.84848 1 0 0 0 1 0 0 0 1
arc segment 3 4
radius of curvature .5
Mouse Mode Interpolate Curve
point for interpolation 4
point for interpolation 5
stop picking
Mouse Mode Circular Arc
set view:0 -0.236716 -0.262994 0 116.768 1 0 0 0 1 0 0 0 1
arc segment 5 6
radius of curvature 0.75
Mouse Mode Interpolate Curve
point for interpolation 6
point for interpolation 7
stop picking
smaller:0
smaller:0
smaller:0
smaller:0
smaller:0
smaller:0
smaller:0
smaller:0
smaller:0
smaller:0
Mouse Mode Circular Arc
arc segment 7 8
radius of curvature 1.8
Mouse Mode Interpolate Curve
set view:0 -0.312897 -0.278016 0 136.97 1 0 0 0 1 0 0 0 1
point for interpolation 8
point for interpolation 9
stop picking
smaller:0
smaller:0
smaller:0
smaller:0
smaller:0
smaller:0
smaller:0
smaller:0
smaller:0
smaller:0
smaller:0
smaller:0
smaller:0
smaller:0
smaller:0
reset:0
exit
set view:0 -0.165919 -0.251121 0 8.92 1 0 0 0 1 0 0 0 1
reset:0
set view:0 -0.369955 -0.230942 0 9.48936 1 0 0 0 1 0 0 0 1
new 2-d curve
new point 4.59443 1.44511
Mouse Mode Circular Arc
set view:0 -0.32287 -0.278027 0 21.4444 1 0 0 0 1 0 0 0 1
reset:0
arc segment 9 20
radius of curvature -10.16
exit
*
* make surfaces of revolution
*
set view:0 0 0 0 1 0.933827 -0.00785692 0.357637 -0.112909 0.942179 0.315516 -0.339437 -0.335018 0.878945
Mouse Mode Revolve X
revolve around x 0
revolve around x 1
revolve around x 2
revolve around x 3
set view:0 -0.16092 -0.244663 0 5.38938 0.933827 -0.00785692 0.357637 -0.112909 0.942179 0.315516 -0.339437 -0.335018 0.878945
revolve around x 4
split revolving 3
revolve around x 5
reset:0
split revolving 2
revolve around x 6
set view:0 0 0 0 1 0.922402 -0.0304205 0.385031 -0.0439108 0.98217 0.182794 -0.383727 -0.185517 0.90462
revolve around x 7
revolve around x 8
set view:0 0 0 0 1 0.935046 -0.0308932 0.353178 -0.0705744 0.960038 0.270824 -0.347431 -0.278158 0.8955
*
* Make points for plane & build plane
*
newPoint 4.59 1.5 1.5
newPoint 4.59 -1.5 1.5
newPoint 4.59 -1.5 -1.5
Mouse Mode Build Plane
point for plane 21
point for plane 22
point for plane 23
set view:0 -0.745484 -0.0607553 0 4.10323 0.932606 -0.0391376 -0.358769 0.118879 0.971936 0.202994 0.340756 -0.231963 0.911087
exit
heal model
*
* Trim the plane
*
HEAL:selection function Intersect Surfaces
surface for intersection 18
surface for intersection 19
set view:0 -0.62583 -0.270745 0 4.10323 0.816278 0.190015 -0.545513 0.237126 0.750899 0.616378 0.526746 -0.632491 0.567885
surface for intersection 17
surface for intersection 19
HEAL:selection function Edit Trimcurve
edit trim curve 0 17
set view:0 0.70936 -0.738916 0 10.6842 1 0 0 0 1 0 0 0 1
Mouse Mode Hide SubCurve
hide curve 3
Mouse Mode Snap To Intersection
snap to intersection 2 3 1 1 1.165324e-03 9.708834e-01 3.174211e-02 1.000026e+00 
reset:0
snap to intersection 3 0 0 0 4.197349e-02 -2.908884e-03 -4.381006e-03 4.925883e-02 
auto assemble
edit trim curve 0 19
set view:0 0.714286 -0.715928 0 8.22973 1 0 0 0 1 0 0 0 1
Mouse Mode Hide SubCurve
hide curve 3
Mouse Mode Snap To Intersection
snap to intersection 2 3 1 0 8.769247e-04 9.874737e-01 1.294671e-02 1.000076e+00 
reset:0
snap to intersection 3 0 1 0 5.080291e-02 -2.836983e-03 -4.381006e-03 5.801634e-02 
auto assemble
HEAL:selection function Edit Trimcurve
edit trim curve 0 18
Mouse Mode Hide SubCurve
hide curve 2
hide curve 1
hide curve 1
hide curve 0
auto assemble
set view:0 -0.62583 -0.270745 0 4.10323 0.93554 0.246177 0.2533 -0.353172 0.663683 0.659389 -0.00578501 -0.706344 0.707846
reset:0
set view:0 0 0 0 1 0.785047 0.0263015 -0.618877 -5.88981e-05 0.999101 0.0423858 0.619436 -0.0332384 0.784343
*
* Close off the other end with 2 TFI's
*
HEAL:selection function Surface Edge
surface edge 13 -7.904308e+00 2.301465e+00 -4.210583e+00
surface edge 0 -7.825093e+00 1.382692e+00 -3.404150e+00
surface edge 1 -7.846187e+00 3.128067e+00 2.109596e+00
surface edge 14 -7.755205e+00 3.295927e+00 3.626756e+00
HEAL:selection function Select Curve
select curve 9
select curve 10
HEAL:build tfi
select curve 12
select curve 11
HEAL:build tfi
set view:0 0 0 0 1 0.914656 0.103291 0.390815 -0.171563 0.974601 0.143939 -0.366021 -0.198704 0.909145
close
*
* Save the model
*
save model
nozzle.hdf
topology
build edge curves
merge edge curves
* 
* Initial triangulation
*
triangulate
*
* Refine the triangulation and flip the normals
*
improve triangulation 1
triangulate
flip normals
set view:0 -0.147783 -0.0164203 0 3.29189 0.882878 -0.122239 0.453413 -0.178689 0.805449 0.565086 -0.434276 -0.579922 0.68927
*
* Save the triangulation and exit
*
save triangulation
file name nozzle.tri
save
reset:0
force redraw, wait 1
exit
exit

