  read iges file
    /home/henshaw/cad/mirror.igs
    continue
    choose all
    set view:0 0 0 0 1 0.317281 -0.365375 -0.875119 -0.143943 0.893552 -0.425258 0.937344 0.260894 0.230914
    CSUP:plot grid lines on boundaries (3D) toggle 0
    set view:0 0 0 0 1 -0.054073 0.408751 -0.911043 -0.0281263 -0.912639 -0.407798 -0.998141 0.00357336 0.0608458
    CSUP:determine topology
      compute topology
      set view:0 -0.345566 -0.0703363 0 4.65035 0.653105 0.191696 -0.732602 0.139017 -0.981339 -0.132849 -0.744398 -0.0150798 -0.667566
      reset:0
      set view:0 -0.030581 -0.255352 0 7.78572 -0.511667 -0.385372 -0.76791 -0.247951 0.921971 -0.297474 0.822628 0.0381967 -0.567295
      smaller:0
      smaller:0
      set view:0 -0.0137036 -0.264864 0 51.7268 -0.511667 -0.385372 -0.76791 -0.247951 0.921971 -0.297474 0.822628 0.0381967 -0.567295
      plot triangulated surface 0
      plot reference surface 1
      smaller:0
      smaller:0
      smaller:0
      smaller:0
      set view:0 -0.0137036 -0.264864 0 21.1873 -0.51521 -0.414212 -0.750324 -0.24973 0.910023 -0.330896 0.819874 0.0168973 -0.572295
      exit
    set view:0 -0.0268382 -0.242862 0 21.1873 -0.503918 -0.345188 -0.791778 -0.245949 0.936069 -0.251563 0.827995 0.0679702 -0.5566
    reset:0
    set view:0 0.244648 -0.162079 0 8.01205 0.241702 -0.144122 -0.959588 0.409549 0.911663 -0.0337662 0.879687 -0.384837 0.279376
    smaller:0
    smaller:0
    smaller:0
    smaller:0
    smaller:0
    smaller:0
    set view:0 0.0196925 -0.189016 0 17.4588 -0.422737 0.0161402 -0.906109 0.409413 0.895397 -0.175058 0.808502 -0.444976 -0.385125
    CSUP:selection function 6
