function CC = getCMat3D_LIN( rho,mu,lambda,alpha,f )

  CC = zeros(12,12);

t1 = 0.1e1 / rho;
t2 = alpha(1) * t1;
t3 = alpha(2) * t1;
t4 = alpha(3) * t1;
t6 = lambda + 0.2e1 * mu;
t8 = alpha(2) * lambda;
t9 = alpha(3) * lambda;
t10 = alpha(2) * mu;
t11 = alpha(1) * mu;
t12 = alpha(3) * mu;
t13 = alpha(1) * lambda;
CC(1,1) = 0.0e0;
CC(1,2) = 0.0e0;
CC(1,3) = 0.0e0;
CC(1,4) = -t2;
CC(1,5) = 0.0e0;
CC(1,6) = 0.0e0;
CC(1,7) = -t3;
CC(1,8) = 0.0e0;
CC(1,9) = 0.0e0;
CC(1,10) = -t4;
CC(1,11) = 0.0e0;
CC(1,12) = 0.0e0;
CC(2,1) = 0.0e0;
CC(2,2) = 0.0e0;
CC(2,3) = 0.0e0;
CC(2,4) = 0.0e0;
CC(2,5) = -t2;
CC(2,6) = 0.0e0;
CC(2,7) = 0.0e0;
CC(2,8) = -t3;
CC(2,9) = 0.0e0;
CC(2,10) = 0.0e0;
CC(2,11) = -t4;
CC(2,12) = 0.0e0;
CC(3,1) = 0.0e0;
CC(3,2) = 0.0e0;
CC(3,3) = 0.0e0;
CC(3,4) = 0.0e0;
CC(3,5) = 0.0e0;
CC(3,6) = -t2;
CC(3,7) = 0.0e0;
CC(3,8) = 0.0e0;
CC(3,9) = -t3;
CC(3,10) = 0.0e0;
CC(3,11) = 0.0e0;
CC(3,12) = -t4;
CC(4,1) = alpha(1) * t6;
CC(4,2) = t8;
CC(4,3) = t9;
CC(4,4) = 0.0e0;
CC(4,5) = 0.0e0;
CC(4,6) = 0.0e0;
CC(4,7) = 0.0e0;
CC(4,8) = 0.0e0;
CC(4,9) = 0.0e0;
CC(4,10) = 0.0e0;
CC(4,11) = 0.0e0;
CC(4,12) = 0.0e0;
CC(5,1) = t10;
CC(5,2) = t11;
CC(5,3) = 0.0e0;
CC(5,4) = 0.0e0;
CC(5,5) = 0.0e0;
CC(5,6) = 0.0e0;
CC(5,7) = 0.0e0;
CC(5,8) = 0.0e0;
CC(5,9) = 0.0e0;
CC(5,10) = 0.0e0;
CC(5,11) = 0.0e0;
CC(5,12) = 0.0e0;
CC(6,1) = t12;
CC(6,2) = 0.0e0;
CC(6,3) = t11;
CC(6,4) = 0.0e0;
CC(6,5) = 0.0e0;
CC(6,6) = 0.0e0;
CC(6,7) = 0.0e0;
CC(6,8) = 0.0e0;
CC(6,9) = 0.0e0;
CC(6,10) = 0.0e0;
CC(6,11) = 0.0e0;
CC(6,12) = 0.0e0;
CC(7,1) = t10;
CC(7,2) = t11;
CC(7,3) = 0.0e0;
CC(7,4) = 0.0e0;
CC(7,5) = 0.0e0;
CC(7,6) = 0.0e0;
CC(7,7) = 0.0e0;
CC(7,8) = 0.0e0;
CC(7,9) = 0.0e0;
CC(7,10) = 0.0e0;
CC(7,11) = 0.0e0;
CC(7,12) = 0.0e0;
CC(8,1) = t13;
CC(8,2) = alpha(2) * t6;
CC(8,3) = t9;
CC(8,4) = 0.0e0;
CC(8,5) = 0.0e0;
CC(8,6) = 0.0e0;
CC(8,7) = 0.0e0;
CC(8,8) = 0.0e0;
CC(8,9) = 0.0e0;
CC(8,10) = 0.0e0;
CC(8,11) = 0.0e0;
CC(8,12) = 0.0e0;
CC(9,1) = 0.0e0;
CC(9,2) = t12;
CC(9,3) = t10;
CC(9,4) = 0.0e0;
CC(9,5) = 0.0e0;
CC(9,6) = 0.0e0;
CC(9,7) = 0.0e0;
CC(9,8) = 0.0e0;
CC(9,9) = 0.0e0;
CC(9,10) = 0.0e0;
CC(9,11) = 0.0e0;
CC(9,12) = 0.0e0;
CC(10,1) = t12;
CC(10,2) = 0.0e0;
CC(10,3) = t11;
CC(10,4) = 0.0e0;
CC(10,5) = 0.0e0;
CC(10,6) = 0.0e0;
CC(10,7) = 0.0e0;
CC(10,8) = 0.0e0;
CC(10,9) = 0.0e0;
CC(10,10) = 0.0e0;
CC(10,11) = 0.0e0;
CC(10,12) = 0.0e0;
CC(11,1) = 0.0e0;
CC(11,2) = t12;
CC(11,3) = t10;
CC(11,4) = 0.0e0;
CC(11,5) = 0.0e0;
CC(11,6) = 0.0e0;
CC(11,7) = 0.0e0;
CC(11,8) = 0.0e0;
CC(11,9) = 0.0e0;
CC(11,10) = 0.0e0;
CC(11,11) = 0.0e0;
CC(11,12) = 0.0e0;
CC(12,1) = t13;
CC(12,2) = t8;
CC(12,3) = alpha(3) * t6;
CC(12,4) = 0.0e0;
CC(12,5) = 0.0e0;
CC(12,6) = 0.0e0;
CC(12,7) = 0.0e0;
CC(12,8) = 0.0e0;
CC(12,9) = 0.0e0;
CC(12,10) = 0.0e0;
CC(12,11) = 0.0e0;
CC(12,12) = 0.0e0;



return

